date_created_utc,elapsed,creator,creator_url,version,os,question_id,question_url,question_title,question_content,assignee,assignee_url
2026-07-19 11:34,12d 20h,redsofa,https://support.mozilla.org/en-US/user/redsofa/,140.7.1esr,Linux,1593672,https://support.mozilla.org/questions/1593672,Connection to SMTP server timed out on Linux,"I am getting the error ""connection timed out to connect to SMTP server"". I am running on Linux Mint. The same setting do work on MacOS so there is no wrong config or broken SMTP server. It was working well since a couple of years. I also tried troubleshooting mode but still the same. Cheers, Thomas ",,
2026-07-19 13:39,12d 18h,gordonharper688,https://support.mozilla.org/en-US/user/gordonharper688/,152.0.1,Windows 11,1593687,https://support.mozilla.org/questions/1593687,Thunderbird requires password almost daily since a Microsoft update,"Probably related to a Microsoft update, Thunderbird started asking for the password of my internet provider almost daily several weeks ago when sending or receiving messages. I am on Windows 11 and that is up to date. ",,
2026-07-19 20:10,12d 11h,dblazen84,https://support.mozilla.org/en-US/user/dblazen84/,140.12.1.esr,Windows 10,1593728,https://support.mozilla.org/questions/1593728,tbird cant d/l msgs from yahoo,win10/tbird v140.12.1.esr wont d/l from yahoo. logon appears ok but the d/l bar starts & then just times out. This just started 3-4 days ago. gmail & fastmail ok. ,,
2026-07-20 13:06,11d 18h,aliladha10,https://support.mozilla.org/en-US/user/aliladha10/,140.12.1esr,Mac OS x 10_15_7,1593860,https://support.mozilla.org/questions/1593860,Godaddy Outgoing Email not going through inspite of having the right settings - was working fine since over a year,"Hi, My godaddy webmail setting which I configured on thunderbird mail for my Mac Os is not going through anymore. It was workng absolutely fine until for over a year and now since last week I do not know what is the issue.  Incomin mails work fine, I can see the sent mail if I have sent the mail from Godaddy Webmail, but the email send from thunderbird  mail doesnt work. Checked all the settings. also tried switching Port from 465 to 587  Please help !!! thanks! ",,
2026-07-20 16:12,11d 15h,scottebert1939,https://support.mozilla.org/en-US/user/scottebert1939/,version 152.01,Windows 10,1593895,https://support.mozilla.org/questions/1593895,Thundebird keeps showing pop-up errors about a long index file path,"I have over 200 email accounts in Thunderbird, and I am getting constant pop-up error messages that say: ""Не удалось открыть индексный файл для 'Входящие на [email]'. Возможно, произошла ошибка на диске или полный путь превышает допустимую длину."" I don't need help fixing the emails themselves, but I need to permanently disable these pop-up alert windows because I will soon have over 2000 accounts and I don't want 2000 errors popping up. I am using the latest version of Thunderbird. I have tried looking for ""about:config"" or the ""Navigation Toolbar"" to change the settings to ""false"", but my interface is heavily customized and I cannot find the menu or the address bar. I need a step-by-step guide on how to disable these error alerts, preferably using the Windows Registry or a configuration file if the menu is hidden. ",,
2026-07-20 20:25,11d 11h,vealch,https://support.mozilla.org/en-US/user/vealch/,Thunderbird 152.0.,Windows 11,1593924,https://support.mozilla.org/questions/1593924,"""Save Draft"" does not work and how can I export ALL my folders.","I'm having trouble with my provider when trying to send a message. I thought I'd save a draft and send it later -- after my provider problem is resolved.  After ""Save"" ing it, my draft folder is empty. Tried this twice... same result. Second issue: I am trying to convert to Linux. Currently I keep all my Thunderbird stuff on an encrypted disk (Dekart Prvdsk). while I can mount this drive and access this from within applications, PrvDsk will not allow me to copy the files to an unencrypted disk. Is there any way (like a tool) that I can use to export all my folders (everything in ""Profiles\2kbxyxpa.default-release\Mail\shastaemail.com,"" not just the profile? ",,
2026-07-20 22:47,11d 9h,reiterlaw,https://support.mozilla.org/en-US/user/reiterlaw/,152.0.1  (64 bit),Windows 11,1593946,https://support.mozilla.org/questions/1593946,Using Windows 11 and Thunderbird but suddenly cannot send messages after an update,Cannot send email on Thunderbird suddenly.  This happened after Thunderbird  update on 7/16/26 or  7/17/2026.   Also could not receive email on Thunderbird for two days after the update but that issue suddenly resolved itself after 2 days .  Have tried to change the port but that has not helped.  I use rcn.com    We could not send or receive there either when I went on the server.  Now rcn is working again on the server but cannot send using Thunderbird account. ,,
2026-07-21 09:41,10d 22h,heatherpenny,https://support.mozilla.org/en-US/user/heatherpenny/,465,,1594015,https://support.mozilla.org/questions/1594015,I can’t send emails from my btinternet.com via Mozilla thunderbird,"PLEASE BE PATIENT WITH ME. I am elderly, and am struggling greatly. Within the last week, I can’t send emails from my Mozilla account. I have a BT email address ie btinternet.com. When sending, it comes up with  Login to server mail.btinternet.com wth username (my email address) failed. This is followed by Unable to authenticate to outgoing server (SMTP) Please check the password and verify the authentication method in account settings / outgoing server SMTP. I was on the phone to BT for three hours yesterday and they were so lovely and patient, they set me up wth a BT email app, however all of my folders with my vital bits and bobs are on Mozilla.  Please could someone help me ",,
2026-07-21 11:27,10d 20h,elcorsupplier,https://support.mozilla.org/en-US/user/elcorsupplier/,Don't know - 2010,Windows 11,1594019,https://support.mozilla.org/questions/1594019,Thunderbird Email login and retrieval,Hi My desktop computer was stolen in 2019. Somehow I managed to get my emails and archived emails back on a new computer via a computer repair shop which build me a new better comp. Then 2 years ago my computer crashed and I can't get Mozilla Thunderbird back but need my archived emails etc. In the meantime I received my emails directly from Vox. How can I set up my old Thunderbird account again without loss of any archived emails. PS: I don't have the old password anymore either. Thanks in advance ,,
2026-07-21 11:30,10d 20h,frankn413,https://support.mozilla.org/en-US/user/frankn413/,140.12.1esr,Windows 11,1594020,https://support.mozilla.org/questions/1594020,"Unable to send messagess - ""Sending of the message failed. The message could not be sent because connecting to outgoing server SMTP.mail.yahoo.com failed. The server may be unavailable or is refusing SMTP connections.""","I use Thunderbird v 140.12.1esr to manage email on my email account X@yahoo.co.uk. For the past 2 days sent emails fail with error message ""sending of the message failed. The message could not be sent because connecting to outgoing server SMTP.mail.yahoo.com failed. The server may be unavailable or is refusing SMTP connections. I have not changed my smtp settings - they are Server = smtp.mail.yahoo.com; Port = 465; user name = X@yahoo.co.uk; Authentication method = OAuth2; Conneciton Security = SSL/TLS (PII redacted by moderator) ",,
2026-07-21 15:40,10d 16h,emanonwoodstock,https://support.mozilla.org/en-US/user/emanonwoodstock/,Version 152.0.1 (6,Windows 10/11,1594051,https://support.mozilla.org/questions/1594051,Composition,A return/Enter command causes two line spacing. I have unchecked Use Paragraph Format in Global  preferences. Shift Enter also causes a two line space/paragraph spacing. ,,
2026-07-21 15:57,10d 16h,c.brooking,https://support.mozilla.org/en-US/user/c.brooking/,15.2.0.1 (64-bit),Windows 11,1594053,https://support.mozilla.org/questions/1594053,links and e-mail addresses auto display in turquoise instead of legible black,"Hi  Recently web page links and e-mail addresses auto display in turquoise instead of matching the main text in  legible black.   How can this be reset to black text ?    All commentary is welcome, thanks, Colin ",,
2026-07-21 20:09,10d 11h,ray3960852,https://support.mozilla.org/en-US/user/ray3960852/,152.0.1 (64-bit),Windows 11 Pro,1594092,https://support.mozilla.org/questions/1594092,Unable to setup email in Thunderbird,"I would like to setup Thunderbird as my email client.My email service is provided by Godaddy with an Outlook account. When I am at the incoming server settings, it has my domain name, not smtp.office365.com which I tried with both authentication options (below) and with my domain name, the protocol was IMAP. I changed the port from 143 to 993.  I changed security from Autodetect to SSL/TLS.  For authentication, there was not an OAuth2 option, I tried Autodetect and Normal password, neither worked.  And I used my domain email password.   with using my domain name, it came back with an error an suffixed my domain name with :110.  It stated that this was not the correct domain and there was a security issue.  It is not clear how I should progress. ",,
2026-07-21 21:00,10d 10h,matt263,https://support.mozilla.org/en-US/user/matt263/,140.12.1esr (64bit,Windows 11,1594099,https://support.mozilla.org/questions/1594099,Moving file folders in inbox,"When I was cleaning up my folders in inbox, I moved a folder and all of the emails and sub folders disappeared.  When I open it in troubleshooting mode they are there.  What should I do? ",,
2026-07-21 22:19,10d 9h,zorro777,https://support.mozilla.org/en-US/user/zorro777/,152.0.1,Windows 10,1594109,https://support.mozilla.org/questions/1594109,Why enter p/w after closing thunderbird?  Never did before.,Why do I need to re-enter p/w after close of thunderbird?  Never had to before. ,,
2026-07-22 00:23,10d 7h,magdale,https://support.mozilla.org/en-US/user/magdale/,thunderbird deskto,Windows 11,1594130,https://support.mozilla.org/questions/1594130,email doesn't load; only shows an empty page,"the email account does not load. And if anything shows up, it's an empty page ",,
2026-07-22 02:42,10d 5h,muramoto,https://support.mozilla.org/en-US/user/muramoto/,140.12.1esr,Windows 11,1594142,https://support.mozilla.org/questions/1594142,サンダーバードアプリが急に開けなくなったのですが、どうすれば直りますか？,サンダーバードアプリをクリックしたら、プロファイルが存在しませんというエラーメッセージが出て、アプリを開けません。1時間前まで正常に開けていたのに急に開けなくなりました。 ,,
2026-07-22 11:30,9d 20h,huuphucnguyen17032k3,https://support.mozilla.org/en-US/user/huuphucnguyen17032k3/,"153,0 64 bit",Windows 11,1594201,https://support.mozilla.org/questions/1594201,"LỖi đăng nhập hotmail, email","Tôi không thể đăng nhập các tài khoản hotmail trên thunderbird, mặc dù những tài khoản đó có thể đăng nhập trêm trang web https://outlook.live.com/ bình thường, ai đó giúp tôi xử lí sự cố đăng nhập này với ",,
2026-07-22 12:31,9d 19h,pete.singleton.46,https://support.mozilla.org/en-US/user/pete.singleton.46/,140.12.1esr 64-bit,Linux,1594211,https://support.mozilla.org/questions/1594211,Simple message filter only works when run manually,"I'm running Thundebird  for Linux Mint mint-001 - 1.0  (140.12.1esr 64-bit) on Linux Mint Mate v22.3 Thunderbird has one account I have set up a simple filter.  It is the only filter set up. The test is 'from matches quora'.  It is set to run manually and on download, It is enabled. The filter works well when run manually but not on download. What it is missing, or what do I check next please? TIA ",,
2026-07-22 12:54,9d 19h,dsimedia,https://support.mozilla.org/en-US/user/dsimedia/,152.0.1,Windows 11,1594212,https://support.mozilla.org/questions/1594212,must login emails every time I open TB,Recently when I open TB emails I have to login. Sometimes more than once before I get into my emails. ,,
2026-07-22 15:27,9d 16h,madsmh,https://support.mozilla.org/en-US/user/madsmh/,153,Linux,1594241,https://support.mozilla.org/questions/1594241,Connection reset errors for CalDAV calendars when staritng Thunderbird,"Whenever I start Thunderbird, I get multiple (2 or 3) connection reset errors for random CalDAV calendars. When I sync the calendars, there are no errors reported and the exclamation mark on the effected calendars goes away and 153 and they are refreshed. How can I solve this? ",,
2026-07-22 16:20,9d 15h,Grizz952,https://support.mozilla.org/en-US/user/Grizz952/,140.12.1esr,Linux,1594255,https://support.mozilla.org/questions/1594255,Cannot Initiate A New Calendar On Thunderbird,"Problem Initiating New Calendar in Thunderbird 140.12.1esr.  Currently sharing calendar information between two accounts, both from Google calendar.  Syncing between Google and Thunderbird has been working smoothly.  Recently added KC Chiefs schedule to Google calendar.  The KC Chiefs schedule displays correctly in Google, but does not display in Thunderbird.  Attempts to add the Chiefs schedule directly to Thunderbird using the indicated (Google) 'Integrated Calendar' links fails.  How do I obtain an .ics file to add this to my Thunderbird. Additional thoughts, my system is Linux Mint, and I am currently operating behind a VPN. Thanks, ",,
2026-07-22 19:14,9d 12h,abbettbrenda,https://support.mozilla.org/en-US/user/abbettbrenda/,I don't know,Windows 11,1594288,https://support.mozilla.org/questions/1594288,Keeps asking for passwords,"Thunderbird keeps asking for my passwords for my email account and that of my husband.  Despite being on the phone for 90 minutes with Virgin Media and giving them remote control of my computer, the problem is still there, even though it did work for 5 minutes whilst the Virgin operative was on my screen.  He signed off and when I looked at my Thunderbird accounts soon after, the problem was back again.  All the settings and passwords are definitely correct, so why does it keep asking for passwords every few seconds?   Retry, enter new password, cancel.  I even made a £10 donation to Thunderbird yesterday, in hope.  I am so frustrated because my husband has Parkinson's and I need our emails to work.  What on earth is causing this problem or has Thunderbird itself crashed out of existence ????????????????? ",,
2026-07-22 20:22,9d 11h,rodcarty,https://support.mozilla.org/en-US/user/rodcarty/,45.8.0,Windows 8.1,1594302,https://support.mozilla.org/questions/1594302,"move folder, emails show but no message body",I have a consistent issue where moving a folder with its emails to a subfolder makes it so I can't see the contents of the emails. It also causes the same thing on all other folders. Repairing folders doesn't seem to fix it. Closing then restarting TBird fixes it. Is there some other way to do this? ,,
2026-07-23 13:50,8d 18h,David12846,https://support.mozilla.org/en-US/user/David12846/,153.0,Windows 10,1594444,https://support.mozilla.org/questions/1594444,selecting an email account to send from,"I have 8 email accounts in Thunderbird. When I click on an embedded link on a webpage to send an email (such as ""send us an email""), I have to manually change which email I want to send from. Some times I forget to do that. How do I set Thunderbird to one of my other email accounts when I open a weblink to compose and send an email? I have a suspision Thunderbird selects the ""top"" email account in my list of accounts, but I thought I would ask here first. David ",,
2026-07-23 14:26,8d 17h,uwe.koch.k,https://support.mozilla.org/en-US/user/uwe.koch.k/,153.0,Linux,1594453,https://support.mozilla.org/questions/1594453,No send bottom in Thunderbird 153 on ubuntu 24.04,"After updating to version 153, the send bottom disappeared from any written message. Reinstalling the program did not help. Of course, it always is possible to send it via file/send now or Ctrl+Enter ",,
2026-07-23 16:27,8d 15h,rvvolpe38,https://support.mozilla.org/en-US/user/rvvolpe38/,I have no clue if,,1594479,https://support.mozilla.org/questions/1594479,continuing Mozilla products use on Windows 11 from Windows 10 using Chromebook computer,I want to transfer my Mozilla products capability and activity history from former Windows 10 platform to Windows 11 using Chromebook Plus. I've been a Thunderbird user for many years and want to keep doing so. ,,
2026-07-23 16:52,8d 15h,adcouple,https://support.mozilla.org/en-US/user/adcouple/,115.18.0,Mac OS x 10.13,1594484,https://support.mozilla.org/questions/1594484,I have Apple Calendar export as .icbu file. Can you help me import to Thunderbird 115.18.0?,Used Outlook Mac 2011 for years. It crashed and could not retrieve from Time Machine. Lost everything since 2021. Apple was able to restore my calendar in Calendar app but I'd like to have integrated app and am trying Thunderbird for email. I would love to use it's calendar and contacts. I am nearly 90 and it's hard to learn new tricks but I'm trying.  Any help appreciated. Thanks. ,,
2026-07-23 20:36,8d 11h,crusejim,https://support.mozilla.org/en-US/user/crusejim/,apt 1:140.12,Debian noble numbat 11.26.03.1,1594521,https://support.mozilla.org/questions/1594521,before Thunderbird installation define new directory,"Before I install the Thunderbird mail app, I want to setup a new directory for it to install The current directions are change after one install the Thunderbird app Debian noble numbat 11.26.03.1 ",,
2026-07-23 20:48,8d 11h,DrGaellon,https://support.mozilla.org/en-US/user/DrGaellon/,152.0.1 (64-bit),Windows 11,1594524,https://support.mozilla.org/questions/1594524,Filtering by relative date,"Does the Date field in Filters accept relative dates? I get a daily newsletter; I don't want to keep more than one. If I set it to run periodically with Date: set to ""today,"" will it delete any mail older than today? ",,
2026-07-23 21:13,8d 10h,lemondropp,https://support.mozilla.org/en-US/user/lemondropp/,Thunderbird.Ink,Windows 11,1594528,https://support.mozilla.org/questions/1594528,My Thurnderbird email account is not opening,"Troubleshooting Information This page contains technical information that might be useful when you’re trying to solve a problem. If you are looking for answers to common questions about Thunderbird, check out our support website. Include account names (possibly identifying information) Diagnose issues Try clearing the startup cache Application Basics Name 	Thunderbird Version 	152.0.1 Build ID 	20260630165458 Distribution ID 	 Update Folder 	C:\ProgramData\Mozilla-1de4eec8-1241-4177-a864-e594e8d1fb38\updates\8216C80C92C4E828 Update History 	 Update Channel 	release User Agent 	Mozilla/5.0 (Windows NT 10.0; Win64; x64; rv:152.0) Gecko/20100101 Thunderbird/152.0.1 OS 	Windows_NT 10.0 26200 Application Binary 	C:\Program Files (x86)\Mozilla Thunderbird\thunderbird.exe Profile Folder 	(Local drive) Build Configuration 	about:buildconfig Memory Use 	about:memory Cache Use 	about:cache Performance 	about:processes Registered Service Workers 	about:serviceworkers Third-party Modules 	about:third-party Launcher Process 	Enabled Multiprocess Windows 	0/0 Fission Windows 	0/0 Enabled by default Remote Processes 	1 Enterprise Policies 	Inactive Google Location Service Key 	Found Google Safebrowsing Key 	Missing Mozilla Location Service Key 	Missing Safe Mode 	false Memory Size (RAM) 	13.9 GB Disk Space Available 	118 GB Profiles 	about:profiles Telemetry Data 	about:telemetry Glean Data 	about:glean Mail and News Accounts ID 	Incoming server 	Outgoing servers Name 	Connection security 	Authentication method 	Name 	Connection security 	Authentication method 	Default? account1	(pop3) pop.shaw.ca:110	None	Normal password	mail.shaw.ca:587	STARTTLS	Normal password	true account2	(none) Local Folders	None	Normal password account5	(imap) imap.shaw.ca:143	STARTTLS	Normal password	mail.shaw.ca:587	STARTTLS	Normal password	true Libraries Library 	Status 	Expected minimum version 	Version in use 	Path RNP (OpenPGP) 	OK 	0.18.1 	0.18.1.MZLA.152.0.1.botan.3.8.1 	C:\Program Files (x86)\Mozilla Thunderbird\rnp.dll OTR 	Failed to load. OTR chat encryption will not work. 	- 	- 	- Calendar Settings wrock4us@shaw.ca 	Name 	Value Name Type 	storage Disabled 	false Username URI Refresh Interval 	 Read-only 	false Suppress Alarms 	false Cache Enabled 	false iMIP Identity 	id2 iMIP Disabled 	 iMIP Account 	 Organizer Id Force Email Scheduling 	 Popup Alarms Supported 	 Alarms on Invitation Supported 	 Max Alarms Per Event 	 Attachment Supported 	 Max Categories 	 Privacy State Supported 	 Priority Supported 	true Event Supported 	 Task Supported 	 Local Time Supported 	 UTC/GMT Supported 	 Auto-Scheduling Supported 	 2026 	Name 	Value Name Type 	storage Disabled 	false Username URI Refresh Interval 	 Read-only 	false Suppress Alarms 	false Cache Enabled 	false iMIP Identity 	id1 iMIP Disabled 	 iMIP Account 	 Organizer Id Force Email Scheduling 	 Popup Alarms Supported 	 Alarms on Invitation Supported 	 Max Alarms Per Event 	 Attachment Supported 	 Max Categories 	 Privacy State Supported 	 Priority Supported 	true Event Supported 	 Task Supported 	 Local Time Supported 	 UTC/GMT Supported 	 Auto-Scheduling Supported 	 Home 	Name 	Value Name Type 	storage Disabled 	 Username URI Refresh Interval 	 Read-only 	 Suppress Alarms 	 Cache Enabled 	 iMIP Identity 	id1 iMIP Disabled 	 iMIP Account 	 Organizer Id Force Email Scheduling 	 Popup Alarms Supported 	 Alarms on Invitation Supported 	 Max Alarms Per Event 	 Attachment Supported 	 Max Categories 	 Privacy State Supported 	 Priority Supported 	true Event Supported 	 Task Supported 	 Local Time Supported 	 UTC/GMT Supported 	 Auto-Scheduling Supported 	 reminderfox 	Name 	Value Name Type 	ics Disabled 	false Username URI Refresh Interval 	60 Read-only 	false Suppress Alarms 	false Cache Enabled 	false iMIP Identity 	id1 iMIP Disabled 	 iMIP Account 	 Organizer Id Force Email Scheduling 	 Popup Alarms Supported 	 Alarms on Invitation Supported 	 Max Alarms Per Event 	 Attachment Supported 	 Max Categories 	 Privacy State Supported 	 Priority Supported 	 Event Supported 	 Task Supported 	 Local Time Supported 	 UTC/GMT Supported 	 Auto-Scheduling Supported 	 Home 	Name 	Value Name Type 	storage Disabled 	false Username URI Refresh Interval 	 Read-only 	false Suppress Alarms 	false Cache Enabled 	false iMIP Identity 	id1 iMIP Disabled 	 iMIP Account 	 Organizer Id Force Email Scheduling 	 Popup Alarms Supported 	 Alarms on Invitation Supported 	 Max Alarms Per Event 	 Attachment Supported 	 Max Categories 	 Privacy State Supported 	 Priority Supported 	true Event Supported 	 Task Supported 	 Local Time Supported 	 UTC/GMT Supported 	 Auto-Scheduling Supported 	 Home 	Name 	Value Name Type 	storage Disabled 	 Username URI Refresh Interval 	 Read-only 	 Suppress Alarms 	 Cache Enabled 	 iMIP Identity 	id1 iMIP Disabled 	 iMIP Account 	 Organizer Id Force Email Scheduling 	 Popup Alarms Supported 	 Alarms on Invitation Supported 	 Max Alarms Per Event 	 Attachment Supported 	 Max Categories 	 Privacy State Supported 	 Priority Supported 	true Event Supported 	 Task Supported 	 Local Time Supported 	 UTC/GMT Supported 	 Auto-Scheduling Supported 	 Chat Accounts ID 	Protocol 	Actions Crash Reports for the Last 3 Days Report ID 	Submitted All Crash Reports This application has not been configured to display crash reports. Remote Processes Type 	Count GPU	1 Add-ons Name 	Type 	Version 	Enabled 	Location 	ID Amazon.co.uk	extension	1.1	true	app-builtin	amazon@search.mozilla.org Bing	extension	1.0	true	app-builtin	bing@search.mozilla.org DuckDuckGo	extension	1.0	true	app-builtin	ddg@search.mozilla.org Google	extension	1.0	true	app-builtin	google@search.mozilla.org Wikipedia (en)	extension	1.0	true	app-builtin	wikipedia@search.mozilla.org System theme — auto	theme	1.4.2	true	app-builtin	default-theme@mozilla.org Dark	theme	1.3.2	false	app-builtin	thunderbird-compact-dark@mozilla.org Light	theme	1.3.2	false	app-builtin	thunderbird-compact-light@mozilla.org Security Software Type 	Name Antivirus 	ESET Security;Malwarebytes Antispyware 	 Firewall 	Windows Firewall Legacy User Stylesheets Active 	false Stylesheets 	No stylesheets found Graphics Features Compositing	WebRender (Software) Font Visibility Debug Info	Windows Platform Asynchronous Pan/Zoom	wheel input enabled; scrollbar drag enabled; keyboard enabled; autoscroll enabled; smooth pinch-zoom enabled WebGL 1 Driver WSI Info	EGL_VENDOR: Google Inc. (AMD) EGL_VERSION: 1.5 (ANGLE 2.1.19766 git hash: 6eb59c58d21b) EGL_EXTENSIONS: EGL_EXT_create_context_robustness EGL_ANGLE_d3d_share_handle_client_buffer EGL_ANGLE_d3d_texture_client_buffer EGL_ANGLE_surface_d3d_texture_2d_share_handle EGL_ANGLE_query_surface_pointer EGL_ANGLE_window_fixed_size EGL_ANGLE_keyed_mutex EGL_ANGLE_surface_orientation EGL_ANGLE_direct_composition EGL_ANGLE_windows_ui_composition EGL_NV_post_sub_buffer EGL_KHR_create_context EGL_KHR_image EGL_KHR_image_base EGL_KHR_gl_texture_2D_image EGL_KHR_gl_texture_cubemap_image EGL_KHR_gl_renderbuffer_image EGL_KHR_get_all_proc_addresses EGL_KHR_stream EGL_KHR_stream_consumer_gltexture EGL_NV_stream_consumer_gltexture_yuv EGL_ANGLE_stream_producer_d3d_texture EGL_ANGLE_create_context_webgl_compatibility EGL_CHROMIUM_create_context_bind_generates_resource EGL_CHROMIUM_sync_control EGL_EXT_pixel_format_float EGL_KHR_surfaceless_context EGL_ANGLE_display_texture_share_group EGL_ANGLE_display_semaphore_share_group EGL_ANGLE_create_context_client_arrays EGL_ANGLE_program_cache_control EGL_ANGLE_robust_resource_initialization EGL_ANGLE_create_context_extensions_enabled EGL_ANDROID_blob_cache EGL_ANDROID_recordable EGL_ANGLE_image_d3d11_texture EGL_ANGLE_create_context_backwards_compatible EGL_KHR_no_config_context EGL_KHR_create_context_no_error EGL_KHR_reusable_sync  EGL_EXTENSIONS(nullptr): EGL_EXT_client_extensions EGL_EXT_device_query EGL_EXT_platform_base EGL_EXT_platform_device EGL_ANGLE_platform_angle EGL_ANGLE_platform_angle_d3d EGL_ANGLE_platform_angle_d3d11on12 EGL_ANGLE_platform_angle_device_id EGL_ANGLE_device_creation EGL_ANGLE_device_creation_d3d11 EGL_ANGLE_experimental_present_path EGL_KHR_client_get_all_proc_addresses EGL_KHR_debug EGL_ANGLE_feature_control  WebGL 1 Driver Renderer	Google Inc. (AMD) -- ANGLE (AMD, AMD Radeon(TM) Vega 8 Graphics Direct3D11 vs_5_0 ps_5_0, D3D11-30.0.13014.8) WebGL 1 Driver Version	OpenGL ES 3.0.0 (ANGLE 2.1.19766 git hash: 6eb59c58d21b) WebGL 1 Driver Extensions	GL_AMD_performance_monitor GL_ANGLE_base_vertex_base_instance GL_ANGLE_base_vertex_base_instance_shader_builtin GL_ANGLE_client_arrays GL_ANGLE_copy_texture_3d GL_ANGLE_depth_texture GL_ANGLE_framebuffer_blit GL_ANGLE_framebuffer_multisample GL_ANGLE_get_serialized_context_string GL_ANGLE_get_tex_level_parameter GL_ANGLE_instanced_arrays GL_ANGLE_lossy_etc_decode GL_ANGLE_memory_size GL_ANGLE_multi_draw GL_ANGLE_multiview_multisample GL_ANGLE_pack_reverse_row_order GL_ANGLE_program_cache_control GL_ANGLE_provoking_vertex GL_ANGLE_request_extension GL_ANGLE_robust_client_memory GL_ANGLE_texture_compression_dxt3 GL_ANGLE_texture_compression_dxt5 GL_ANGLE_texture_multisample GL_ANGLE_texture_usage GL_ANGLE_translated_shader_source GL_CHROMIUM_bind_generates_resource GL_CHROMIUM_bind_uniform_location GL_CHROMIUM_copy_compressed_texture GL_CHROMIUM_copy_texture GL_CHROMIUM_lose_context GL_CHROMIUM_sync_query GL_EXT_EGL_image_external_wrap_modes GL_EXT_base_instance GL_EXT_blend_func_extended GL_EXT_blend_minmax GL_EXT_clip_control GL_EXT_color_buffer_float GL_EXT_color_buffer_half_float GL_EXT_debug_label GL_EXT_debug_marker GL_EXT_discard_framebuffer GL_EXT_disjoint_timer_query GL_EXT_draw_buffers GL_EXT_draw_buffers_indexed GL_EXT_draw_elements_base_vertex GL_EXT_float_blend GL_EXT_frag_depth GL_EXT_instanced_arrays GL_EXT_map_buffer_range GL_EXT_multi_draw_indirect GL_EXT_multisampled_render_to_texture GL_EXT_occlusion_query_boolean GL_EXT_read_format_bgra GL_EXT_robustness GL_EXT_sRGB GL_EXT_shader_texture_lod GL_EXT_texture_compression_bptc GL_EXT_texture_compression_dxt1 GL_EXT_texture_compression_rgtc GL_EXT_texture_compression_s3tc_srgb GL_EXT_texture_filter_anisotropic GL_EXT_texture_format_BGRA8888 GL_EXT_texture_norm16 GL_EXT_texture_rg GL_EXT_texture_storage GL_EXT_texture_type_2_10_10_10_REV GL_EXT_unpack_subimage GL_KHR_debug GL_KHR_parallel_shader_compile GL_KHR_robust_buffer_access_behavior GL_NV_EGL_stream_consumer_external GL_NV_fence GL_NV_framebuffer_blit GL_NV_pack_subimage GL_NV_pixel_buffer_object GL_OES_EGL_image GL_OES_EGL_image_external GL_OES_EGL_image_external_essl3 GL_OES_compressed_EAC_R11_signed_texture GL_OES_compressed_EAC_R11_unsigned_texture GL_OES_compressed_EAC_RG11_signed_texture GL_OES_compressed_EAC_RG11_unsigned_texture GL_OES_compressed_ETC2_RGB8_texture GL_OES_compressed_ETC2_RGBA8_texture GL_OES_compressed_ETC2_punchthroughA_RGBA8_texture GL_OES_compressed_ETC2_punchthroughA_sRGB8_alpha_texture GL_OES_compressed_ETC2_sRGB8_alpha8_texture GL_OES_compressed_ETC2_sRGB8_texture GL_OES_depth24 GL_OES_depth32 GL_OES_draw_buffers_indexed GL_OES_draw_elements_base_vertex GL_OES_element_index_uint GL_OES_fbo_render_mipmap GL_OES_get_program_binary GL_OES_mapbuffer GL_OES_packed_depth_stencil GL_OES_rgb8_rgba8 GL_OES_standard_derivatives GL_OES_surfaceless_context GL_OES_texture_border_clamp GL_OES_texture_float GL_OES_texture_float_linear GL_OES_texture_half_float GL_OES_texture_half_float_linear GL_OES_texture_npot GL_OES_texture_stencil8 GL_OES_vertex_array_object GL_OVR_multiview GL_OVR_multiview2 GL_WEBGL_video_texture  WebGL 1 Extensions	ANGLE_instanced_arrays EXT_blend_minmax EXT_color_buffer_half_float EXT_float_blend EXT_frag_depth EXT_shader_texture_lod EXT_sRGB EXT_texture_compression_bptc EXT_texture_compression_rgtc EXT_texture_filter_anisotropic MOZ_debug OES_element_index_uint OES_fbo_render_mipmap OES_standard_derivatives OES_texture_float OES_texture_float_linear OES_texture_half_float OES_texture_half_float_linear OES_vertex_array_object WEBGL_color_buffer_float WEBGL_compressed_texture_s3tc WEBGL_compressed_texture_s3tc_srgb WEBGL_debug_renderer_info WEBGL_debug_shaders WEBGL_depth_texture WEBGL_draw_buffers WEBGL_lose_context WEBGL_provoking_vertex WebGL 2 Driver WSI Info	EGL_VENDOR: Google Inc. (AMD) EGL_VERSION: 1.5 (ANGLE 2.1.19766 git hash: 6eb59c58d21b) EGL_EXTENSIONS: EGL_EXT_create_context_robustness EGL_ANGLE_d3d_share_handle_client_buffer EGL_ANGLE_d3d_texture_client_buffer EGL_ANGLE_surface_d3d_texture_2d_share_handle EGL_ANGLE_query_surface_pointer EGL_ANGLE_window_fixed_size EGL_ANGLE_keyed_mutex EGL_ANGLE_surface_orientation EGL_ANGLE_direct_composition EGL_ANGLE_windows_ui_composition EGL_NV_post_sub_buffer EGL_KHR_create_context EGL_KHR_image EGL_KHR_image_base EGL_KHR_gl_texture_2D_image EGL_KHR_gl_texture_cubemap_image EGL_KHR_gl_renderbuffer_image EGL_KHR_get_all_proc_addresses EGL_KHR_stream EGL_KHR_stream_consumer_gltexture EGL_NV_stream_consumer_gltexture_yuv EGL_ANGLE_stream_producer_d3d_texture EGL_ANGLE_create_context_webgl_compatibility EGL_CHROMIUM_create_context_bind_generates_resource EGL_CHROMIUM_sync_control EGL_EXT_pixel_format_float EGL_KHR_surfaceless_context EGL_ANGLE_display_texture_share_group EGL_ANGLE_display_semaphore_share_group EGL_ANGLE_create_context_client_arrays EGL_ANGLE_program_cache_control EGL_ANGLE_robust_resource_initialization EGL_ANGLE_create_context_extensions_enabled EGL_ANDROID_blob_cache EGL_ANDROID_recordable EGL_ANGLE_image_d3d11_texture EGL_ANGLE_create_context_backwards_compatible EGL_KHR_no_config_context EGL_KHR_create_context_no_error EGL_KHR_reusable_sync  EGL_EXTENSIONS(nullptr): EGL_EXT_client_extensions EGL_EXT_device_query EGL_EXT_platform_base EGL_EXT_platform_device EGL_ANGLE_platform_angle EGL_ANGLE_platform_angle_d3d EGL_ANGLE_platform_angle_d3d11on12 EGL_ANGLE_platform_angle_device_id EGL_ANGLE_device_creation EGL_ANGLE_device_creation_d3d11 EGL_ANGLE_experimental_present_path EGL_KHR_client_get_all_proc_addresses EGL_KHR_debug EGL_ANGLE_feature_control  WebGL 2 Driver Renderer	Google Inc. (AMD) -- ANGLE (AMD, AMD Radeon(TM) Vega 8 Graphics Direct3D11 vs_5_0 ps_5_0, D3D11-30.0.13014.8) WebGL 2 Driver Version	OpenGL ES 3.0.0 (ANGLE 2.1.19766 git hash: 6eb59c58d21b) WebGL 2 Driver Extensions	GL_AMD_performance_monitor GL_ANGLE_base_vertex_base_instance GL_ANGLE_base_vertex_base_instance_shader_builtin GL_ANGLE_client_arrays GL_ANGLE_copy_texture_3d GL_ANGLE_depth_texture GL_ANGLE_framebuffer_blit GL_ANGLE_framebuffer_multisample GL_ANGLE_get_serialized_context_string GL_ANGLE_get_tex_level_parameter GL_ANGLE_instanced_arrays GL_ANGLE_lossy_etc_decode GL_ANGLE_memory_size GL_ANGLE_multi_draw GL_ANGLE_multiview_multisample GL_ANGLE_pack_reverse_row_order GL_ANGLE_program_cache_control GL_ANGLE_provoking_vertex GL_ANGLE_request_extension GL_ANGLE_robust_client_memory GL_ANGLE_texture_compression_dxt3 GL_ANGLE_texture_compression_dxt5 GL_ANGLE_texture_multisample GL_ANGLE_texture_usage GL_ANGLE_translated_shader_source GL_CHROMIUM_bind_generates_resource GL_CHROMIUM_bind_uniform_location GL_CHROMIUM_copy_compressed_texture GL_CHROMIUM_copy_texture GL_CHROMIUM_lose_context GL_CHROMIUM_sync_query GL_EXT_EGL_image_external_wrap_modes GL_EXT_base_instance GL_EXT_blend_func_extended GL_EXT_blend_minmax GL_EXT_clip_control GL_EXT_color_buffer_float GL_EXT_color_buffer_half_float GL_EXT_debug_label GL_EXT_debug_marker GL_EXT_discard_framebuffer GL_EXT_disjoint_timer_query GL_EXT_draw_buffers GL_EXT_draw_buffers_indexed GL_EXT_draw_elements_base_vertex GL_EXT_float_blend GL_EXT_frag_depth GL_EXT_instanced_arrays GL_EXT_map_buffer_range GL_EXT_multi_draw_indirect GL_EXT_multisampled_render_to_texture GL_EXT_occlusion_query_boolean GL_EXT_read_format_bgra GL_EXT_robustness GL_EXT_sRGB GL_EXT_shader_texture_lod GL_EXT_texture_compression_bptc GL_EXT_texture_compression_dxt1 GL_EXT_texture_compression_rgtc GL_EXT_texture_compression_s3tc_srgb GL_EXT_texture_filter_anisotropic GL_EXT_texture_format_BGRA8888 GL_EXT_texture_norm16 GL_EXT_texture_rg GL_EXT_texture_storage GL_EXT_texture_type_2_10_10_10_REV GL_EXT_unpack_subimage GL_KHR_debug GL_KHR_parallel_shader_compile GL_KHR_robust_buffer_access_behavior GL_NV_EGL_stream_consumer_external GL_NV_fence GL_NV_framebuffer_blit GL_NV_pack_subimage GL_NV_pixel_buffer_object GL_OES_EGL_image GL_OES_EGL_image_external GL_OES_EGL_image_external_essl3 GL_OES_compressed_EAC_R11_signed_texture GL_OES_compressed_EAC_R11_unsigned_texture GL_OES_compressed_EAC_RG11_signed_texture GL_OES_compressed_EAC_RG11_unsigned_texture GL_OES_compressed_ETC2_RGB8_texture GL_OES_compressed_ETC2_RGBA8_texture GL_OES_compressed_ETC2_punchthroughA_RGBA8_texture GL_OES_compressed_ETC2_punchthroughA_sRGB8_alpha_texture GL_OES_compressed_ETC2_sRGB8_alpha8_texture GL_OES_compressed_ETC2_sRGB8_texture GL_OES_depth24 GL_OES_depth32 GL_OES_draw_buffers_indexed GL_OES_draw_elements_base_vertex GL_OES_element_index_uint GL_OES_fbo_render_mipmap GL_OES_get_program_binary GL_OES_mapbuffer GL_OES_packed_depth_stencil GL_OES_rgb8_rgba8 GL_OES_standard_derivatives GL_OES_surfaceless_context GL_OES_texture_border_clamp GL_OES_texture_float GL_OES_texture_float_linear GL_OES_texture_half_float GL_OES_texture_half_float_linear GL_OES_texture_npot GL_OES_texture_stencil8 GL_OES_vertex_array_object GL_OVR_multiview GL_OVR_multiview2 GL_WEBGL_video_texture  WebGL 2 Extensions	EXT_color_buffer_float EXT_float_blend EXT_texture_compression_bptc EXT_texture_compression_rgtc EXT_texture_filter_anisotropic MOZ_debug OES_draw_buffers_indexed OES_texture_float_linear OVR_multiview2 WEBGL_compressed_texture_s3tc WEBGL_compressed_texture_s3tc_srgb WEBGL_debug_renderer_info WEBGL_debug_shaders WEBGL_lose_context WEBGL_provoking_vertex Target Frame Rate	60 DirectWrite	true (10.0.26100.8737) GPU #1 Active	Yes Description	AMD Radeon(TM) Vega 8 Graphics Vendor ID	0x1002 Device ID	0x15d8 Driver Version	30.0.13014.8 Driver Date	8-26-2021 Drivers	aticfx64 aticfx64 aticfx64 amdxc64 aticfx32 aticfx32 aticfx32 amdxc32 atiumd64 atidxx64 atidxx64 atiumdag atidxx32 atidxx32 atiumdva atiumd6a Subsys ID	876b1043 RAM	2048 GPU #2 Active	No RAM	0 Diagnostics AzureCanvasBackend	skia AzureCanvasBackend (UI Process)	skia AzureContentBackend	skia AzureContentBackend (UI Process)	skia AzureFallbackCanvasBackend (UI Process)	skia CMSOutputProfile	AAAbnE1TRlQCEAAAbW50clJHQiBYWVogB+AADAAQAAkABQAkYWNzcE1TRlQAAAAAUEhMIEMxNTYAAAAAj0IZAQAAAAAAAPbVAAEAAAAA0y1QSEwgAAAAAAAAAAAAAAAAAAAAAAAAAAAAAAAAAAAAAAAAAAAAAAAAAAAAAAAAAAAAAAAOY3BydAAAASwAAABQZGVzYwAAAXwAAACNd3RwdAAAAgwAAAAUYmtwdAAAAiAAAAAUclhZWgAAAjQAAAAUZ1hZWgAAAkgAAAAUYlhZWgAAAlwAAAAUZG1uZAAAAnAAAAB5ZG1kZAAAAuwAAABqbHVtaQAAA1gAAAAUdGVjaAAAA2wAAAAMclRSQwAAA3gAAAgMZ1RSQwAAC4QAAAgMYlRSQwAAE5AAAAgMdGV4dOAAAABDb3B5cmlnaHQgKEMpIDIwMTYgUEhMIEludGVybmF0aW9uYWwgKEV1cm9wZSkgR21iSCwgQWxsIFJpZ2h0cyBSZXNlcnZlZABkZXNj4AAAAAAAAApQSEwgMjczVjcAAAAAAAAAAAAAAAAAAAAAAAAAAAAAAAAAAAAAAAAAAAAAAAAAACAAAAAAAAAAAAAAAAAAAADURksAL1NNAPxwBQFkZXNj4AAAAKj0EgAEcQUBUHEFAZJxBQEzAAAAHN4DAbz0EgCHAz0AkBs9ACzzEgAUAAAArM8AAABYWVog4AAAAAAA9twAAQAAAADTOlhZWiDgAAAAAAAAAAAAAAAAAAAAWFlaIOAAAAAAAIgXAAA+8wAAAINYWVog4AAAAAAASiMAALJBAAAULFhZWiDgAAAAAAAkOQAADn0AAL7FZGVzY+AAAAAAAAAfUGhpbGlwcyBodHRwOi8vd3d3LlBoaWxpcHMuY29tAAAAAAAAAAAAAAAAANRGSwAvU00A/HAFAWRlc2PgAAAAqPQSAARxBQHccQUBCnIFAR8AAAAc3gMBvPQSAIcDPQCQGz0ALPMSABQAAACszwAAAGRlc2PgAAAAAAAAClBITCAyNzNWNwAAAAAAAAAAAAAAAAAAAAAAAADURksAL1NNAPxwBQFkZXNj4AAAAKj0EgAEcQUBVHIFAXNyBQEQAAAAHN4DAbz0EgCHAz0AkBs9ACzzEgAUAAAArM8AAFhZWiDgAAAAAKsXCgC0AAAAxAUec2lnIOAAAABBTUQgY3VyduAAAAAAAAQAAAAAAAAAAAAAAAAAAAAAAAAAAAAAAAAAAAAAAAAAAAIABAAGAAgACgANAA8AEgAhACMAJwApAC0AMQAzADcAOwA/AEMARwBLAE8AUwBaAF8AYwBnAG4AcwB3AH4AhACHAI8AlgCcAJ8ApwCvALYAvQDEAMcAzwDXAN8A5wDvAPcA/wEIAQ8BGQEfASoBLwE7AT8BTQFPAV8BaQFvAXwBfwGPAZoBnwGvAbkBvwHPAdkB3wHvAfsB/wISAh0CHwI1Aj8CQQJZAl8CcgJ+An8CmAKfArICvwLAAtoC3wL1Av8DEQMfAyEDPAM/A1kDXwN2A38DlAOfA7MDvwPSA98D8gP/BAYEIgQyBD8ERwRkBHUEfwSLBKgEuQS/BNAE7gT/BQYFJAU2BT8FTwVuBX8FhwWmBbkFwQXgBfMF/wYPBi8GPwZLBmsGfwaIBqgGvQbGBucG/AcFBycHPAdGB2cHfQeHB6kHvwfKB+wH/wgOCCUISAhfCHYIgQiZCLAI1AjsCP8JEAkoCU0JZQl+CYsJownICeEJ+woICiIKRwphCnsKiQqjCskK4wr+Cw0LJwtOC2kLfwuUC68L1gvyDAIMHgxGDGIMfgyODKsM0wzwDQENHg1HDWQNfw2TDbEN2w34DgoOKQ5TDnEOhA6iDs0O7A7/Dx4PSQ9pD38PnA/ID+cP/xAcEDwQXBCJEKkQyhDrEQARIRFCEWQRkRGzEdUR9hIMEi8SURJzEqISxBLnEv8TIRNEE2cTlxO6E94T/xQaFD4UYhSSFLYU2xT/FRgVPRViFZMVuRXeFf8WHRZDFmkWmxbBFucXARcoF08XgReoF88X9hgSGDkYYRiUGLwY5BkAGSgZUBmFGa0Z1hn/GhwaRRpuGqMazBr2GxQbPRtnG50bxxvyHBAcOxxlHJwcxxzyHREdPB1oHZ8dyx33HhceQx5vHqce0x7/HyEfTR+GH7Mf4CACIC8gXSCKILgg5iEgIU4hfCGrIdkh/yIrIloiiSK4IucjIiNSI4IjsSPhJAUkNiRmJJYkxyUDJTQlZSWWJccl+SYeJlAmgSazJuUnIydVJ4cnuifsKBMoRih5KKwo3ykeKVIphSm5Ke0qFCpIKn0qsSrlKyYrWyuPK8Qr+SwiLFgsjSzDLQQtOi1wLaYt3C4HLj0udC6qLuEvJC9bL5IvyS//MCwwZDCcMNQxGDFQMYgxwTH5MiYyXzKYMtEzFjNPM4kzwjP8NCo0ZDSeNNg1HjVZNZM1zjX/Njc2czauNuk3MDdsN6g34zgTOE84jDjIORA5TTmKOcY5/zo0OnI6rzrsOzY7dDuxO+88ITxgPJ483D0nPWY9pD3jPhY+VT6VPtQ/ID9fP58/30ATQFNAlEDUQRVBVUGWQddCJEJlQqdC6EMqQ2tDrUPvRCVEaESqROxFL0VyRbRGA0ZGRopGzUcQR1RHmEfbSBNIV0icSOBJJElpSa5J8kpDSohKzksTS1hLnkvkTB5MY0yqTPBNNk19TcNOFk5dTqRO608yT3lPwU//UERQjFDUURxRZFGsUgFSSVKSUttTJFNtU7ZT/1Q9VIZU0FUaVWRVrlYEVk9WmVbkVy5XeVfEWANYTliaWOVZMVl8WchaIFpsWrlbBVtRW55b61wrXHhcxl0TXWBdrl4HXlVeo17xXz9fjV/bYB5gbGC7YQphWWGoYgNiU2KiYvJjQWORY+FkJWR1ZMZlFmVnZbhmFGZlZrZnCGdZZ6pn/GhCaJRo5mk4aYpp3Go7ao1q4Gsza4Zr2WwgbHRsx20bbW5twm4ibnZuym8fb3NvyHARcGZwunEQcWVxunIccnFyx3Mdc3NzyXQTdGl0wHUXdW11xHYndn521Xctd4R33HgoeIB42HkweYh54HpFep169ntPe6h7/3xOfKh9AX1bfbR+Gn50fs5/KX+Df92ALICHgOKBPYGYgfOCToKqgwWDYYO9hCWEgYTdhTqFloXzhlCGrYcKh2eHxIgViHOI0IkuiYyJ6opIiqaLBYtji8KMLYyLjOqNSo2pjgiOaI7HjyePh4/nkDuQm5D8kVyRvZIekn6S35NBk6KUD5RxlNKVNJWWlfiWWpa8lx+XgZfkmDuYnZkAmWSZx5oqmo6a8ZtVm7mcKZyNnPGdVp26nh+ehJ7pn06fs6AMoHGg16E8oaKiCKJuotSjO6OhpBOkeqThpUilr6YWpn2m5adMp7SoD6h3qN+pR6mwqhiqgarpq1Kru6wwrJmtAq1srdWuP66prxOvfa/nsEWwr7EasYWx77JassWzMLOctBO0f7TqtVa1wrYutpq3Brdzt9+4QLituRq5h7n0umG6zrs8u6q8I7yRvP+9bb3cvkq+ub8nv5a//8BowNfBRsG2wiXClcMFw3XD5cRhxNHFQsWyxiPGlMcEx3XH58hMyL3JL8mhyhLKhMr2y2jL28xZzMzNPs2xziTOl88Kz33P8dBY0MzRQNG00ijSnNMQ04XUBdR61O/VZNXZ1k7Ww9c4167YGNiN2QPZednw2mba3NtT28rcTNzD3Trdsd4p3qDfGN+P3//gc+Dr4WPh3OJU4s3jReO+5EPkvOU15a7mKOah5xvnlegD6H3o9+lx6ezqZurh61zr1+xe7NntVO3Q7kvux+9D77/wL/Cr8SfxpPIg8p3zGvOX9CD0nfUa9Zj2FfaT9xH3j/gB+H/4/fl7+fr6efr4+3b8AvyB/QD9f/3//n/+//9+//9jdXJ24AAAAAAABAAAAAAAAAAAAAAAAAAAAAAAAAAAAAAAAAAAAAAAAAAAAgAEAAYACAAKAA0ADwASACEAIwAnACkALQAxADMANwA7AD8AQwBHAEsATwBTAFoAXwBjAGcAbgBzAHcAfgCEAIcAjwCWAJwAnwCnAK8AtgC9AMQAxwDPANcA3wDnAO8A9wD/AQgBDwEZAR8BKgEvATsBPwFNAU8BXwFpAW8BfAF/AY8BmgGfAa8BuQG/Ac8B2QHfAe8B+wH/AhICHQIfAjUCPwJBAlkCXwJyAn4CfwKYAp8CsgK/AsAC2gLfAvUC/wMRAx8DIQM8Az8DWQNfA3YDfwOUA58DswO/A9ID3wPyA/8EBgQiBDIEPwRHBGQEdQR/BIsEqAS5BL8E0ATuBP8FBgUkBTYFPwVPBW4FfwWHBaYFuQXBBeAF8wX/Bg8GLwY/BksGawZ/BogGqAa9BsYG5wb8BwUHJwc8B0YHZwd9B4cHqQe/B8oH7Af/CA4IJQhICF8IdgiBCJkIsAjUCOwI/wkQCSgJTQllCX4JiwmjCcgJ4Qn7CggKIgpHCmEKewqJCqMKyQrjCv4LDQsnC04LaQt/C5QLrwvWC/IMAgweDEYMYgx+DI4MqwzTDPANAQ0eDUcNZA1/DZMNsQ3bDfgOCg4pDlMOcQ6EDqIOzQ7sDv8PHg9JD2kPfw+cD8gP5w//EBwQPBBcEIkQqRDKEOsRABEhEUIRZBGREbMR1RH2EgwSLxJREnMSohLEEucS/xMhE0QTZxOXE7oT3hP/FBoUPhRiFJIUthTbFP8VGBU9FWIVkxW5Fd4V/xYdFkMWaRabFsEW5xcBFygXTxeBF6gXzxf2GBIYORhhGJQYvBjkGQAZKBlQGYUZrRnWGf8aHBpFGm4aoxrMGvYbFBs9G2cbnRvHG/IcEBw7HGUcnBzHHPIdER08HWgdnx3LHfceFx5DHm8epx7THv8fIR9NH4Yfsx/gIAIgLyBdIIoguCDmISAhTiF8Iash2SH/IisiWiKJIrgi5yMiI1IjgiOxI+EkBSQ2JGYkliTHJQMlNCVlJZYlxyX5Jh4mUCaBJrMm5ScjJ1Unhye6J+woEyhGKHkorCjfKR4pUimFKbkp7SoUKkgqfSqxKuUrJitbK48rxCv5LCIsWCyNLMMtBC06LXAtpi3cLgcuPS50Lqou4S8kL1svki/JL/8wLDBkMJww1DEYMVAxiDHBMfkyJjJfMpgy0TMWM08ziTPCM/w0KjRkNJ402DUeNVk1kzXONf82NzZzNq426TcwN2w3qDfjOBM4TziMOMg5EDlNOYo5xjn/OjQ6cjqvOuw7Njt0O7E77zwhPGA8njzcPSc9Zj2kPeM+Fj5VPpU+1D8gP18/nz/fQBNAU0CUQNRBFUFVQZZB10IkQmVCp0LoQypDa0OtQ+9EJURoRKpE7EUvRXJFtEYDRkZGikbNRxBHVEeYR9tIE0hXSJxI4EkkSWlJrknySkNKiErOSxNLWEueS+RMHkxjTKpM8E02TX1Nw04WTl1OpE7rTzJPeU/BT/9QRFCMUNRRHFFkUaxSAVJJUpJS21MkU21TtlP/VD1UhlTQVRpVZFWuVgRWT1aZVuRXLld5V8RYA1hOWJpY5VkxWXxZyFogWmxauVsFW1FbnlvrXCtceFzGXRNdYF2uXgdeVV6jXvFfP1+NX9tgHmBsYLthCmFZYahiA2JTYqJi8mNBY5Fj4WQlZHVkxmUWZWdluGYUZmVmtmcIZ1lnqmf8aEJolGjmaThpimncajtqjWrgazNrhmvZbCBsdGzHbRttbm3CbiJudm7Kbx9vc2/IcBFwZnC6cRBxZXG6chxycXLHcx1zc3PJdBN0aXTAdRd1bXXEdid2fnbVdy13hHfceCh4gHjYeTB5iHngekV6nXr2e097qHv/fE58qH0BfVt9tH4afnR+zn8pf4N/3YAsgIeA4oE9gZiB84JOgqqDBYNhg72EJYSBhN2FOoWWhfOGUIathwqHZ4fEiBWIc4jQiS6JjInqikiKposFi2OLwowtjIuM6o1KjamOCI5ojsePJ4+Hj+eQO5CbkPyRXJG9kh6SfpLfk0GTopQPlHGU0pU0lZaV+JZalryXH5eBl+SYO5idmQCZZJnHmiqajprxm1WbuZwpnI2c8Z1WnbqeH56EnumfTp+zoAygcaDXoTyhoqIIom6i1KM7o6GkE6R6pOGlSKWvphamfablp0yntKgPqHeo36lHqbCqGKqBqumrUqu7rDCsma0CrWyt1a4/rqmvE699r+ewRbCvsRqxhbHvslqyxbMws5y0E7R/tOq1VrXCti62mrcGt3O337hAuK25GrmHufS6YbrOuzy7qrwjvJG8/71tvdy+Sr65vye/lr//wGjA18FGwbbCJcKVwwXDdcPlxGHE0cVCxbLGI8aUxwTHdcfnyEzIvckvyaHKEsqEyvbLaMvbzFnMzM0+zbHOJM6XzwrPfc/x0FjQzNFA0bTSKNKc0xDThdQF1HrU79Vk1dnWTtbD1zjXrtgY2I3ZA9l52fDaZtrc21PbytxM3MPdOt2x3ineoN8Y34/f/+Bz4OvhY+Hc4lTizeNF477kQ+S85TXlruYo5qHnG+eV6APofej36XHp7Opm6uHrXOvX7F7s2e1U7dDuS+7H70Pvv/Av8KvxJ/Gk8iDynfMa85f0IPSd9Rr1mPYV9pP3EfeP+AH4f/j9+Xv5+vp5+vj7dvwC/IH9AP1//f/+f/7//37//2N1cnbgAAAAAAAEAAAAAAAAAAAAAAAAAAAAAAAAAAAAAAAAAAAAAAAAAAACAAQABgAIAAoADQAPABIAIQAjACcAKQAtADEAMwA3ADsAPwBDAEcASwBPAFMAWgBfAGMAZwBuAHMAdwB+AIQAhwCPAJYAnACfAKcArwC2AL0AxADHAM8A1wDfAOcA7wD3AP8BCAEPARkBHwEqAS8BOwE/AU0BTwFfAWkBbwF8AX8BjwGaAZ8BrwG5Ab8BzwHZAd8B7wH7Af8CEgIdAh8CNQI/AkECWQJfAnICfgJ/ApgCnwKyAr8CwALaAt8C9QL/AxEDHwMhAzwDPwNZA18DdgN/A5QDnwOzA78D0gPfA/ID/wQGBCIEMgQ/BEcEZAR1BH8EiwSoBLkEvwTQBO4E/wUGBSQFNgU/BU8FbgV/BYcFpgW5BcEF4AXzBf8GDwYvBj8GSwZrBn8GiAaoBr0GxgbnBvwHBQcnBzwHRgdnB30HhwepB78HygfsB/8IDgglCEgIXwh2CIEImQiwCNQI7Aj/CRAJKAlNCWUJfgmLCaMJyAnhCfsKCAoiCkcKYQp7CokKowrJCuMK/gsNCycLTgtpC38LlAuvC9YL8gwCDB4MRgxiDH4MjgyrDNMM8A0BDR4NRw1kDX8Nkw2xDdsN+A4KDikOUw5xDoQOog7NDuwO/w8eD0kPaQ9/D5wPyA/nD/8QHBA8EFwQiRCpEMoQ6xEAESERQhFkEZERsxHVEfYSDBIvElEScxKiEsQS5xL/EyETRBNnE5cTuhPeE/8UGhQ+FGIUkhS2FNsU/xUYFT0VYhWTFbkV3hX/Fh0WQxZpFpsWwRbnFwEXKBdPF4EXqBfPF/YYEhg5GGEYlBi8GOQZABkoGVAZhRmtGdYZ/xocGkUabhqjGswa9hsUGz0bZxudG8cb8hwQHDscZRycHMcc8h0RHTwdaB2fHcsd9x4XHkMebx6nHtMe/x8hH00fhh+zH+AgAiAvIF0giiC4IOYhICFOIXwhqyHZIf8iKyJaIokiuCLnIyIjUiOCI7Ej4SQFJDYkZiSWJMclAyU0JWUlliXHJfkmHiZQJoEmsyblJyMnVSeHJ7on7CgTKEYoeSisKN8pHilSKYUpuSntKhQqSCp9KrEq5SsmK1srjyvEK/ksIixYLI0swy0ELTotcC2mLdwuBy49LnQuqi7hLyQvWy+SL8kv/zAsMGQwnDDUMRgxUDGIMcEx+TImMl8ymDLRMxYzTzOJM8Iz/DQqNGQ0njTYNR41WTWTNc41/zY3NnM2rjbpNzA3bDeoN+M4EzhPOIw4yDkQOU05ijnGOf86NDpyOq867Ds2O3Q7sTvvPCE8YDyePNw9Jz1mPaQ94z4WPlU+lT7UPyA/Xz+fP99AE0BTQJRA1EEVQVVBlkHXQiRCZUKnQuhDKkNrQ61D70QlRGhEqkTsRS9FckW0RgNGRkaKRs1HEEdUR5hH20gTSFdInEjgSSRJaUmuSfJKQ0qISs5LE0tYS55L5EweTGNMqkzwTTZNfU3DThZOXU6kTutPMk95T8FP/1BEUIxQ1FEcUWRRrFIBUklSklLbUyRTbVO2U/9UPVSGVNBVGlVkVa5WBFZPVplW5FcuV3lXxFgDWE5YmljlWTFZfFnIWiBabFq5WwVbUVueW+tcK1x4XMZdE11gXa5eB15VXqNe8V8/X41f22AeYGxgu2EKYVlhqGIDYlNiomLyY0FjkWPhZCVkdWTGZRZlZ2W4ZhRmZWa2ZwhnWWeqZ/xoQmiUaOZpOGmKadxqO2qNauBrM2uGa9lsIGx0bMdtG21ubcJuIm52bspvH29zb8hwEXBmcLpxEHFlcbpyHHJxcsdzHXNzc8l0E3RpdMB1F3VtdcR2J3Z+dtV3LXeEd9x4KHiAeNh5MHmIeeB6RXqdevZ7T3uoe/98TnyofQF9W320fhp+dH7Ofyl/g3/dgCyAh4DigT2BmIHzgk6CqoMFg2GDvYQlhIGE3YU6hZaF84ZQhq2HCodnh8SIFYhziNCJLomMieqKSIqmiwWLY4vCjC2Mi4zqjUqNqY4IjmiOx48nj4eP55A7kJuQ/JFckb2SHpJ+kt+TQZOilA+UcZTSlTSVlpX4llqWvJcfl4GX5Jg7mJ2ZAJlkmceaKpqOmvGbVZu5nCmcjZzxnVadup4fnoSe6Z9On7OgDKBxoNehPKGiogiibqLUozujoaQTpHqk4aVIpa+mFqZ9puWnTKe0qA+od6jfqUepsKoYqoGq6atSq7usMKyZrQKtbK3Vrj+uqa8Tr32v57BFsK+xGrGFse+yWrLFszCznLQTtH+06rVWtcK2Lraatwa3c7ffuEC4rbkauYe59Lphus67PLuqvCO8kbz/vW293L5Kvrm/J7+Wv//AaMDXwUbBtsIlwpXDBcN1w+XEYcTRxULFssYjxpTHBMd1x+fITMi9yS/JocoSyoTK9stoy9vMWczMzT7Nsc4kzpfPCs99z/HQWNDM0UDRtNIo0pzTENOF1AXUetTv1WTV2dZO1sPXONeu2BjYjdkD2XnZ8Npm2tzbU9vK3Ezcw9063bHeKd6g3xjfj9//4HPg6+Fj4dziVOLN40XjvuRD5LzlNeWu5ijmoecb55XoA+h96Pfpcens6mbq4etc69fsXuzZ7VTt0O5L7sfvQ++/8C/wq/En8aTyIPKd8xrzl/Qg9J31GvWY9hX2k/cR94/4Afh/+P35e/n6+nn6+Pt2/AL8gf0A/X/9//5//v//fv// Display0	1920x1080@60Hz scales:1.000000|1.200000 SDR DisplayCount	1 HardwareStretching	both=0 window-only=0 full-screen-only=1 none=0 error=0 OutputColorSpaces	DXGI_COLOR_SPACE_RGB_FULL_G22_NONE_P709 GPUProcessPid	22148 Window Device Pixel Ratios	1.2 ClearType Parameters	Gamma: 2.2 Pixel Structure: BGR ClearType Level: 100 Enhanced Contrast: 400  Font Visibility Debug Info	Windows Platform WebGPU Default Adapter	[object Object] WebGPU Fallback Adapter	[object Object] Decision Log HW_COMPOSITING	 available by default disabled by user: Disabled by layers.acceleration.disabled=true D3D11_COMPOSITING	 unavailable by default: Hardware compositing is disabled D3D11_HW_ANGLE	 unavailable by default: D3D11 compositing is disabled disabled by env: D3D11 compositing is disabled GPU_PROCESS	 available by default WEBRENDER	 available by default unavailable-no-hw-compositing by runtime: Hardware compositing is disabled WEBRENDER_COMPOSITOR	 available by default unavailable by runtime: No DirectComposition usage WEBRENDER_PARTIAL	 available by default WEBRENDER_SHADER_CACHE	 available by default unavailable by runtime: WebRender disabled WEBRENDER_OPTIMIZED_SHADERS	 available by default unavailable by runtime: WebRender disabled WEBRENDER_ANGLE	 available by default unavailable-no-angle by runtime: ANGLE is disabled WEBRENDER_DCOMP_PRESENT	 available by default unavailable by runtime: Requires ANGLE WEBRENDER_SCISSORED_CACHE_CLEARS	 available by default WEBGPU	 available by default WINDOW_OCCLUSION	 available by default HARDWARE_VIDEO_DECODING	 available by default unavailable by runtime: Requires texture sharing HARDWARE_VIDEO_DECODING_VULKAN	 available by default disabled by user: User disabled via media.hardware-video-decoding-vulkan.enabled  HARDWARE_VIDEO_ENCODING	 available by default unavailable by runtime: Requires texture sharing REUSE_DECODER_DEVICE	 available by default BACKDROP_FILTER	 available by default CANVAS_RENDERER_THREAD	 available by default ACCELERATED_CANVAS2D	 available by default blocked by env: Disabled by Software WebRender GL_NORM16_TEXTURES	 available by default WEBGPU_EXTERNAL_TEXTURE	 available by default WEBGL	 available by default VIDEO_HDR	 available by default Media Audio Backend	wasapi Max Channels	2 Preferred Sample Rate	48000 Roundtrip latency (standard deviation)	NaNms (NaN) Output Devices Name 	Group 	Vendor 	State 	Preferred 	Format 	Channels 	Rate 	Latency Speakers (Realtek High Definition Audio)	HDAUDIO\FUNC_01&VEN_10EC&DEV_0887&SUBSYS_104386C7&REV_1003\5&1c28e26b&0&0001		Enabled	All	default: F32LE, support: S16LE F32LE	2	default: 48000, support: 48000 - 48000	144 - 480 Realtek Digital Output (Realtek High Definition Audio)	HDAUDIO\FUNC_01&VEN_10EC&DEV_0887&SUBSYS_104386C7&REV_1003\5&1c28e26b&0&0001		Disabled	None	default: F32LE, support: S16LE F32LE	2	default: 192000, support: 192000 - 192000	0 - 0 Input Devices Name 	Group 	Vendor 	State 	Preferred 	Format 	Channels 	Rate 	Latency Microphone (HD Pro Webcam C920)	USB\VID_046D&PID_08E5&MI_02\7&371a28e6&0&0002		Enabled	All	default: F32LE, support: S16LE F32LE	2	default: 16000, support: 16000 - 16000	48 - 160 Line In (Realtek High Definition Audio)	HDAUDIO\FUNC_01&VEN_10EC&DEV_0887&SUBSYS_104386C7&REV_1003\5&1c28e26b&0&0001		Unplugged	None	default: F32LE, support: S16LE F32LE	2	default: 48000, support: 48000 - 48000	0 - 0 Microphone (Realtek High Definition Audio)	HDAUDIO\FUNC_01&VEN_10EC&DEV_0887&SUBSYS_104386C7&REV_1003\5&1c28e26b&0&0001		Unplugged	None	default: F32LE, support: S16LE F32LE	2	default: 48000, support: 48000 - 48000	0 - 0 Stereo Mix (Realtek High Definition Audio)	HDAUDIO\FUNC_01&VEN_10EC&DEV_0887&SUBSYS_104386C7&REV_1003\5&1c28e26b&0&0001		Disabled	None	default: F32LE, support: S16LE F32LE	2	default: 48000, support: 48000 - 48000	0 - 0 Environment Variables 	Name 	Value MOZ_APP_RESTART	1 MOZ_CRASHREPORTER_DATA_DIRECTORY	C:\Users\Ron\AppData\Roaming\Thunderbird\Crash Reports MOZ_CRASHREPORTER_EVENTS_DIRECTORY	C:\Users\Ron\AppData\Roaming\Thunderbird\Profiles\li1l1ckv.default-release\crashes\events MOZ_CRASHREPORTER_PING_DIRECTORY	C:\Users\Ron\AppData\Roaming\Thunderbird\Pending Pings MOZ_LAUNCHER_PROCESS	1 Important Modified Preferences 	Name 	Value browser.cache.disk.amount_written	8061 browser.cache.disk.capacity	358400 browser.cache.disk.filesystem_reported	1 browser.cache.disk.smart_size.enabled	false browser.search.region	CA doh-rollout.home-region	CA extensions.lastAppVersion	152.0.1 font.internaluseonly.changed	true font.name.sans-serif.x-western	Arial font.size.fixed.el	14 font.size.fixed.x-cyrillic	14 font.size.fixed.x-unicode	14 font.size.fixed.x-western	14 font.size.variable.x-western	20 general.autoScroll	false gfx.direct2d.disabled	true idle.lastDailyNotification	1784435373 layers.acceleration.disabled	true layers.mlgpu.sanity-test-failed	false media.gmp.storage.version.observed	1 media.hardware-video-decoding.failed	false network.cookie.CHIPS.lastMigrateDatabase	2 network.cookie.cookieBehavior	1 network.cookie.prefsMigrated	true network.cookie.validation.lastEpoch	1 network.predictor.cleaned-up	true places.database.lastMaintenance	1784176171 places.history.enabled	false places.history.expiration.transient_current_max_pages	112348 plugin.importedState	true privacy.bounceTrackingProtection.hasMigratedUserActivationData	true privacy.clearOnShutdown_v2.browsingHistoryAndDownloads	false privacy.clearOnShutdown_v2.cache	true privacy.clearOnShutdown_v2.cookiesAndStorage	true privacy.clearOnShutdown_v2.siteSettings	false privacy.clearOnShutdown.cache	true privacy.clearOnShutdown.cookies	true privacy.clearOnShutdown.downloads	false privacy.clearOnShutdown.formdata	false privacy.clearOnShutdown.history	false privacy.clearOnShutdown.offlineApps	true privacy.clearOnShutdown.sessions	false privacy.clearOnShutdown.siteSettings	false privacy.purge_trackers.date_in_cookie_database	0 privacy.purge_trackers.last_purge	1784435373605 privacy.sanitize.sanitizeOnShutdown	true privacy.trackingprotection.allow_list.hasMigratedCategoryPrefs	true security.default_personal_cert	Select Automatically security.sandbox.plugin.tempDirSuffix	{fd5f8e40-1f9d-4ac4-9d7b-5fdace8c9ea2} security.webauthn.show_ms_settings_link	true signon.importedFromSqlite	true storage.vacuum.last.content-prefs.sqlite	1773361546 storage.vacuum.last.index	1 storage.vacuum.last.places.sqlite	1782953112 ui.osk.debug.keyboardDisplayReason	IKPOS: Touch screen not found. user.js Preferences Your profile folder contains a user.js file, which includes preferences that were not created by Thunderbird. Important Locked Preferences 	Name 	Value fission.autostart.session	true media.utility-process.enabled	true Places Database Integrity 	 Accessibility Activated 	false Prevent Accessibility 	0 Accessible Handler Used 	 Accessibility Instantiator 	 Library Versions 	Expected minimum version	Version in use NSPR	4.39	4.39 NSS	3.124	3.124 NSSSMIME	3.124	3.124 NSSSSL	3.124	3.124 NSSUTIL	3.124	3.124 Sandbox Content Process Sandbox Level	7 Effective Content Process Sandbox Level	7 Win32k Lockdown State for Content Process	Win32k Lockdown enabled -- default value is true GPU Process Sandbox Level	2 Startup Cache Disk Cache Path 	C:\Users\Ron\AppData\Local\Thunderbird\Profiles\li1l1ckv.default-release\startupCache\startupCache.8.little Ignore Disk Cache 	false Found Disk Cache on Init 	false Wrote to Disk Cache 	false Internationalization & Localization Application Settings Requested Locales 	[""en-US""] Available Locales 	[""en-US""] App Locales 	[""en-US""] Regional Preferences 	[""en-CA""] Default Locale 	""en-US"" Operating System System Locales 	[""en-US"",""en-CA""] Regional Preferences 	[""en-CA""] Remote Debugging (Chromium Protocol) Accepting Connections 	 URL 	 Printing Troubleshooting 	 Modified print settings 	Name 	Value ",,
2026-07-23 22:20,8d 9h,buchanans2,https://support.mozilla.org/en-US/user/buchanans2/,I have no idea,Windows 10,1594536,https://support.mozilla.org/questions/1594536,my log in to server failed,"My email address is on   xxx@tds.net, and then migrates to thunderbird.  However 2 days ago it failed to do so.  How do I fix that. Is the problem with TDS or Thunderbird.   Thanks. ",,
2026-07-23 22:28,8d 9h,sstan6858,https://support.mozilla.org/en-US/user/sstan6858/,60.9.0,Mac OS 10.12.6,1594541,https://support.mozilla.org/questions/1594541,2010 MacBook Pro restarts when opening Thunderbird,"Using 2010 MacBook Pro laptop,  and  os 10.12.6 Sierra.  Apple no longer  updates OS.  When I open Thunderbird (version 60.9.0) it restarts the Mac.   It  usually takes three restarts for  Thunderbird and Mac  to ""get along with each other"".   Why does the Mac shut down and restart only with Thunderbird ? ",,
2026-07-24 04:51,8d 3h,artfunk,https://support.mozilla.org/en-US/user/artfunk/,140.13.0esr,Windows 10,1594575,https://support.mozilla.org/questions/1594575,"When sending a mail to a list of recipients, is there a way to exclude one of the group members?","I  have a friend who send me things that I often like to share with others who are on a distribution list.  He is also a member of that group. When I forward what he sent me to the group, I would like to exclude him from receiving that mail.  How can I do this without removing him from the group list each time? ",,
2026-07-24 07:26,8d 0h,szpeko1,https://support.mozilla.org/en-US/user/szpeko1/,140.13.0es,Windows 11,1594596,https://support.mozilla.org/questions/1594596,Attachment preview problem,"Hello, I have a problem. I'm a Thunder Birth email client user. Until now, the default program for opening PDF files was Adobe Acrobat Reader. I was forced to delete it and replace it with Foxid PDF Editor. I changed the default PDF opening programs in Thunder Birth settings, see attachment number 1. Unfortunately, when composing a new message, I'm having trouble viewing PDF attachments. See attachment number 2. Please help. ",,
2026-07-24 08:59,7d 23h,stephenwall,https://support.mozilla.org/en-US/user/stephenwall/,153.0 (64 bit),Windows 11,1594604,https://support.mozilla.org/questions/1594604,"""Current operation on Inbox did not succeed for yahoo account",Examples in image. Only appears to happen on Yahoo account. All settings redone. Any help appreciated. Thanks Stephen ,,
2026-07-24 09:53,7d 22h,michaeljzwack,https://support.mozilla.org/en-US/user/michaeljzwack/,140.13.OESR (Aarch,Tahoe 26.5.2,1594614,https://support.mozilla.org/questions/1594614,My “Sent” folder is not under my “Gmail” folder but it’s under “Local” folder.,"My “Sent” folder is now under my “Local” folder. How can I move it back under “Gmail”? Also, my “Sent” folder only contains 5 sent messages when my Gmail Account lists over 100 sent emails. How can I correct this? ",,
2026-07-24 14:48,7d 17h,apstudio4075,https://support.mozilla.org/en-US/user/apstudio4075/,140-13 oesr 32-bit,Windows 10,1594656,https://support.mozilla.org/questions/1594656,"Email won't download from server, suddenly","I retrieve email from two different servers, one is mine, one for work, All of a sudden last night I got a spam email from my personal email server, that kept coming in over 100 times, but no other email. My work email is fine. I contacted the hosting company for that server, who was supposed to blacklist that spam address,  (my Thunderbird junk button wouldn't do it), but I'm still getting those emails only. Thunderbird tells me there are 110 emails (and counting) on the server, but won't retrieve them. I can see them on my phone, just not my desktop. (I have the phone set to leave emails on the server until I retrieve them with the desktop). I thought maybe it was because I hadn't cleared out my Inbox for a while, so I deleted about half of the 30k emails that were in the Inbox folder, but it didn't make any difference. It won't compact because I keep getting an error that says some other operation is in progress, but nothing is. None of my settings have changed, and I'm still downloading what I think are copies of that spam email, since they all have the exact same Send time. My Thunderbird version is current, v 140-13 oesr 32-bit, on Windows 10. What can I do, thank you in advance. Long time Tbird user, rarely any problems. Image of some of the copies of the spam email. ",,
2026-07-24 18:10,7d 13h,peawun,https://support.mozilla.org/en-US/user/peawun/,153,Windows 11,1594698,https://support.mozilla.org/questions/1594698,Unable to install gmail address accounts due passkey issues at Google,Google wants passkeys to install the gmail addresses on Thunderbird.  The initial setup was with a gmail address that went through OK with no passkey.  I am having difficulty either setting pass keys for the email addresses or something else as I only get the authenticate error message after I think I have setup passkeys.  Very frustrated. ,,
2026-07-24 21:39,7d 10h,mahoneydpsc,https://support.mozilla.org/en-US/user/mahoneydpsc/,140.13.0esr (64-b),Windows 11,1594740,https://support.mozilla.org/questions/1594740,New Computer - TB won't Open Old Profile,"My old laptop died, and just reinstalled TB on new laptop.  I have the SSD with old profile, and added profile to the new Profiles folder.  Thought it would be as simple as editing the Profile.ini to specify the old profile, but that hasn't worked.  Need help. Dennis ",,
2026-07-24 23:16,7d 8h,acwentz5,https://support.mozilla.org/en-US/user/acwentz5/,,Windows 11,1594753,https://support.mozilla.org/questions/1594753,"my sent mail folder, drafts folder, all mail folder have disappeared, where are they?","i used to have several folders, all mail, sent mail, drafts etc as subfolders under [gmail] but they have disappeared in my acwentz5@gmail.com account.  i have another separate account acwentz@gmail.com and those folders are still there.  also, on my iphone, both accounts have those folders. so, where are those folders on my desktop acwentz5@gmail.com account??? ",,
2026-07-25 18:11,6d 13h,petsuter,https://support.mozilla.org/en-US/user/petsuter/,153.0,Windows 11,1594852,https://support.mozilla.org/questions/1594852,new mails not checked (bug2057745),"Steps to reproduce: Open Thunderbird. Account settings: Check ""Check for new messages every 10 minutes"". Keep Thunderbird running forever. Actual results: Sometimes Thunderbird stops checking messages for no reason. No checks are done for many days. Expected results: It should always check messages every 10 minutes, keep checking forever. I was asked to post this here in https://bugzilla.mozilla.org/show_bug.cgi?id=2057745 ",,
2026-07-26 00:07,6d 7h,len26,https://support.mozilla.org/en-US/user/len26/,153.0,Windows 11,1594896,https://support.mozilla.org/questions/1594896,Lost my password,My daughter added email to my phone. Now I can not send any emails on my computer or phone! I still get my emails on Thunderbird but can't send any and have no idea what my password is or where it might be stored on my computer. It isn't saved on my Firefox. I do make annual contributions to Mozilla.Len@sawisch.com ,,
2026-07-26 00:12,6d 7h,MikeyinCVCA,https://support.mozilla.org/en-US/user/MikeyinCVCA/,153.0 Meadow,Windows 10/11,1594901,https://support.mozilla.org/questions/1594901,"When opening Tbird 153.0, several servers give authentication errors","Since I updated Thunderbird to 153.0 on Thursday, I've noticed that every time I start Tbird, I get several notifications about authentication errors for the servers to which its trying to fetch mail. The list varies each time, but frequent offenders are Gmail, Comcast, and Yahoo, and occasionally Apple and Microsoft (outlook.office365.com server). I did not see this issue prior to the update. Sure, once in a great while (< 1x/month), a single server would throw such an error, but now, it's every time I start Tbird. All the accounts are accessed via IMAP, and those that support or require OAuth2 are so configured. If I go to the mailbox a little while later, I don't get any errors--this seems to be limited to startup. I check 15 mailboxes, though many get very little email. A search from Bugzilla's home page shows three similar reports, none newer that 3.5 years ago. (I can't delve deeper, as my credentials apparently expired and the signup confirmation email has not arrived yet). Is anyone else experiencing this? Is there a log of such events (or a way to create one)? ...thanks! ",,
2026-07-26 01:57,6d 6h,jm_maui,https://support.mozilla.org/en-US/user/jm_maui/,153.0esr,Linux,1594912,https://support.mozilla.org/questions/1594912,spam folder stuck in trash,Thunderbird spam folder stuck as a sub folder of trash cannot be moved or deleted.  Using Yahoo mail ,,
2026-07-26 10:33,5d 21h,billhansford,https://support.mozilla.org/en-US/user/billhansford/,140.12.1.0,Windows 11,1594971,https://support.mozilla.org/questions/1594971,Why will Tunderbird not send emails from my laptop. Is it a temporary blip or to me skipping file integration,Why will Tunderbird not send emails from my laptop. Is it a temporary blip or to me skipping file integration ,,
2026-07-26 15:01,5d 16h,umistobisto,https://support.mozilla.org/en-US/user/umistobisto/,Latest,Windows 11,1595003,https://support.mozilla.org/questions/1595003,I want to import my Mail.com emails into my Gmail account - how do I do that?,I want to export my Mail.com inbox and sent mail content into my Gmail account. How do I do that?  Thanks ,,
2026-07-26 16:10,5d 15h,rickfirefx,https://support.mozilla.org/en-US/user/rickfirefx/,140.8.0,Windows 11,1595018,https://support.mozilla.org/questions/1595018,Gmail has been deleting all my saved emails in sent and folders!,"Gmail has been deleting all my saved emails in sent and folders! If I download Tbird will this be a clean break with Google and Apple or does Tbird sync to these platforms too. I've tried to get to the bottom of this problem but there is no relevant setting. I'm disgusted, Google and Apple want to control my life. ",,
2026-07-27 03:53,5d 4h,john.lee16,https://support.mozilla.org/en-US/user/john.lee16/,153.0 64 bit,Linux Zorin 18.1,1595090,https://support.mozilla.org/questions/1595090,"backup zip ,841mb ,will not import into thunderbird","Used the export function to export to zip file on a usb,  (841mb) can see the zip file is there, then open thunderbird on desktop (Zorin 18.1) choose import , choose the zip file and get a message ""nothing can be imported from the selected source"" bit frustrating, hope one of you gurus can sort me out. Cheers John ",,
2026-07-27 05:09,5d 2h,ron197,https://support.mozilla.org/en-US/user/ron197/,153.0 (64-bit),Windows 10,1595096,https://support.mozilla.org/questions/1595096,System updated despite being set to hold updates,"I can't get Thunderbird to stop updating. My installation is currently set as follows: Settings > Updates > ""Check for updates, but let me choose whether to install them."" That was done around the 21st July, and the version=152.0.1. I was never prompted to update. When I checked today (27th July) version=153.0 and Settings remains the same (as above).  The setting is being ignored. Is there a workaround? Like setting up my installation to deny access to something. (Maybe, like if the update process needs a certain directory to be present, remove the directory.) ",,
2026-07-27 15:08,4d 16h,harbarb21,https://support.mozilla.org/en-US/user/harbarb21/,can't find it,Windows 11,1595173,https://support.mozilla.org/questions/1595173,Forwarding email requires temporary Password from AOL,"For some reason, since about a week ago, I can't forward email out of Thunderbird without getting a temporary password from AOL. ",,
2026-07-28 18:04,3d 13h,rbli63,https://support.mozilla.org/en-US/user/rbli63/,153,Windows 11 and 10,1595400,https://support.mozilla.org/questions/1595400,How to transfer account colors to other installs,"Version 153 brought account colors to the desktop app.  Is there any smoother way to transfer just these settings, no more, no less, to other machines, other than copying the whole profile? I'm using TB on 3 different pc's, of which one has a special profile.  Right now I made screenshots of all 7 accounts + color. I can do it by hand but that's rather cumbersome. ",,
2026-07-28 18:05,3d 13h,grupojosidith.tic,https://support.mozilla.org/en-US/user/grupojosidith.tic/,153.0,Windows 11,1595401,https://support.mozilla.org/questions/1595401,ERRO DE CONTA,"Estou enfrentando um erro ao tentar acessar minha conta. Atualmente, ela já está logada em outro computador, porém, ao tentar fazer login em uma segunda máquina, esse erro é exibido. As pastas onde os e-mails estão armazenados ficam em um diretório na nuvem, e ambos os computadores possuem acesso a esse local. Mesmo assim, o acesso pela segunda máquina não é concluído devido a esse erro. Poderiam, por gentileza, verificar o que pode estar causando esse problema? ",,
2026-07-28 20:06,3d 11h,ph172,https://support.mozilla.org/en-US/user/ph172/,153,Windows 11,1595416,https://support.mozilla.org/questions/1595416,Failure to Check for Messages,"When I select get messages on opening, nothing happens for 1 minute then it says ""Done"" ",,
2026-07-28 21:29,3d 10h,promathabiswas,https://support.mozilla.org/en-US/user/promathabiswas/,,,1595427,https://support.mozilla.org/questions/1595427,When going to mail app they show you’re all caught up!!!,Sign in Access to this mailbox has expired. Simply sign in again to see new mail and send messages. Please fixed this problem. Thanks ,,
2026-07-29 06:25,3d 1h,phonoscape,https://support.mozilla.org/en-US/user/phonoscape/,"153.0,153.0.1",Windows 11,1595495,https://support.mozilla.org/questions/1595495,Tags attached to messages disappear.,"Hello, I have been using Thunderbird, but the tagging behavior has become erratic since version 153. The phenomenon is as follows:   Tags attached to messages are disappearing on their own.  The tags disappear when I select a message or receive a new email.  It does not occur with the default tags (such as ""Important""), but only with the ones I registered myself.  It also occurs in troubleshooting mode.  Is there a solution? Regards. ",,
